"","Masseria Montevergine - Torre de Rubeis","Torre Sabea","Terragne","Sant'Anna di Oria","Le Macchie (Ripagnola Polignano a mare)","Spila Nakovana","Lokvica","Balsignano I","Balsignano II","Trasanello I","Trasanello II","Pulo di Molfetta Fondo Azzolini","Trasano","Susac Poje","Favella","Piana di Curinga","Scamuso I","Grotta San Michele Arcangelo I","Grotta San Michele Arcangelo II","Palata 1","Danilo-Bitinj","Pokrovnik","Umbro Bova Marina","Grotta Scaloria","Masseria Santa Tecchia","Masseria Candelaro II","Masseria Candelaro III","Krivače","Coppa Nevigata","Ex Palestra GIL","Durdeva greda","Barice Smilcic","Ripatetta","Masseria Acquasalsa","Rocchicella-Paliké","Marcianese","Villa Badessa (Cepegatti)","Colle Cera","Grotta dei Piccioni","Kargadur","Catignano","Rio Tana","Colle Santo Stefano","Grotta Sant'Angelo I","Grotta Sant'Angelo II","Villaggio Ortucchio","Portonovo","Grotta Continenza","Maddalena di Muccia","Piani di Calisti","Grotta dei Cocci","La Marmotta","La Lucciola","Fornace Cappuccini","Pienza","Savignano sul Panaro","Le Secche","Fiorano Modenese","Casa Querciolaia","Cala Giovanna","La Scola","Strette","Abri Albertini","Renaghju","Basi I","Su Carroppu","Rio Saboccu","Sa Punta","Arene Candide II","Arene Candide I","Grotta Pollera","Grande Rivoire","Pont de Roque-Haute","Peiro Signado","La Farigoule 2"
"Masseria Montevergine - Torre de Rubeis",1,0.951704327946511,0.927804850086728,-31.7681901518483,0.739589325212002,0.77797534730827,0.951704327946511,0.40827851498252,0.66096153967897,0.928301566420651,0.573286412861368,0.952697760614357,0.903905372226945,0.963405708709441,0.893694140465784,-2.87775285693865,0.811784475125274,0.884445851858311,-1.13917566885773,0.963405708709441,-0.436505316073981,0.723545840152514,-13.7673449484766,0.730176391588705,1,0.488365960003163,0.515399433164914,0.987801902903147,0.963405708709441,0.928301566420651,0.963405708709441,0.939506230849658,0.976100522140217,0.940996379851427,0.845895184746218,0.89121055879617,0.964399141377287,-0.774092033118321,0.952697760614357,0.362564277793236,-17.7144721707937,0.5785304812833,-15.6763762559138,0.77797534730827,0.963405708709441,0.963405708709441,1,0.841921454074835,0.904402088560868,0.97659723847414,0.987801902903147,-26.7379783892946,0.766770682879263,-3.20884695723605,0.987801902903147,0.939506230849658,-1.99499727169863,1,0.727360738600992,-3.30635713198796,-3.61041743909092,-1.66779210001342,0.963405708709441,-6.0797749840751,0.294440711745938,-0.887601368402477,-14.4925030939238,-24.2681362652478,0.796606080024884,0.22430781306896,0.951207611612588,0.963405708709441,0.960271713407474,0.793287897910328,0.726048963618891
"Torre Sabea",0.951704327946511,1,0.9029119395591,-31.7198944797948,0.787884997265491,0.729679675254782,0.926811417418883,0.456574187036008,0.636068629151342,0.97659723847414,0.621582084914856,0.952201044280434,0.952201044280434,0.915110036655953,0.868801229938155,-2.82945718488516,0.786891564597645,0.859552941330683,-1.09087999680424,0.915110036655953,-0.388209644020492,0.771841512206003,-13.7190492764231,0.778472063642193,0.951704327946511,0.536661632056652,0.563695105218402,0.939506230849658,0.915110036655953,0.903408655893023,0.915110036655953,0.91461332032203,0.975603805806294,0.940499663517504,0.82100227421859,0.939506230849658,0.939506230849658,-0.725796361064833,0.927804850086728,0.410859949846725,-17.6661764987402,0.626826153336789,-15.6280805838603,0.778472063642193,0.915110036655953,0.915110036655953,0.951704327946511,0.890217126128324,0.952697760614357,0.951704327946511,0.963902425043364,-26.6896827172411,0.766273966545341,-3.16055128518256,0.963902425043364,0.91461332032203,-1.94670159964515,0.951704327946511,0.775656410654481,-3.25806145993447,-3.56212176703743,-1.66828881634735,0.915110036655953,-6.03147931202161,0.318340189605721,-0.839305696348988,-14.4442074218703,-24.2198405931943,0.844901752078372,0.272603485122449,0.976100522140217,0.915110036655953,0.935378802879845,0.817187375770111,0.701156053091262
"Terragne",0.927804850086728,0.9029119395591,1,-31.7935797787099,0.714199698350451,0.75457258578241,0.976100522140217,0.382888888120968,0.68436430120483,0.9029119395591,0.547896785999816,0.927308133752806,0.878515745365394,0.964399141377287,0.917096901991644,-2.9031424838002,0.835187236651134,0.907848613384171,-1.16456529571928,0.964399141377287,-0.461894942935532,0.698156213290963,-13.7927345753381,0.704786764727153,0.927804850086728,0.462976333141612,0.490009806303362,0.940002947183581,0.964399141377287,0.976100522140217,0.964399141377287,0.98829861923707,0.927308133752806,0.915606752989875,0.91809033465949,0.865820931934618,0.963405708709441,-0.799481659979873,0.951704327946511,0.337174650931684,-17.7398617976553,0.553140854421749,-15.7017658827754,0.705780197394999,0.964399141377287,0.964399141377287,0.927804850086728,0.793129065687424,0.879012461699317,0.951207611612588,0.915606752989875,-26.7633680161562,0.741381056017712,-3.2342365840976,0.915606752989875,0.98829861923707,-2.02038689856019,0.927804850086728,0.701971111739441,-3.33174675884951,-3.63580706595247,-1.69318172687497,0.964399141377287,-6.10516461093665,0.269051084884386,-0.912990995264028,-14.5178927207854,-24.2935258921094,0.771216453163332,0.198918186207409,0.879012461699317,0.964399141377287,0.911479325020062,0.767898271048777,0.750445157812597
"Sant'Anna di Oria",-31.7681901518483,-31.7198944797948,-31.7935797787099,1,-31.5077794770603,-31.594957887544,-31.793083062376,-31.1764686668309,-31.4779440799147,-31.696491718269,-31.3414765647097,-31.7208879124627,-31.6720955240753,-31.8047844431389,-31.7106766807015,-27.8904372949097,-31.628767015361,-31.7014283920941,-29.6290144829906,-31.8047844431389,-30.3316848357744,-31.4917359920009,-27.0485849868638,-31.498366543437,-31.7681901518483,-31.2565561118515,-31.2835895850133,-31.7803882489452,-31.8047844431389,-31.7696803008501,-31.8047844431389,-31.8052811594728,-31.7442906739886,-31.7091865316998,-31.7116701133694,-31.6594007106445,-31.7569854874193,-29.99409811873,-31.7452841066564,-31.1307544296416,-32.0494527583907,-31.3467206331316,-25.509082965052,-31.5461654991566,-31.8047844431389,-31.8047844431389,-31.7681901518483,-31.6101116059232,-31.6725922404092,-31.7447873903225,-31.7559920547515,-41.5034205244418,-31.5349608347276,-27.5593431946123,-31.7559920547515,-31.8052811594728,-28.7731928801497,-31.7681901518483,-31.4955508904493,-27.4618330198604,-27.1577727127574,-29.1003980518349,-31.8047844431389,-33.0432010325053,-31.0626308635943,-29.8805887834459,-35.7522422084283,-32.4929368570677,-31.5647962318732,-30.9924979649173,-31.7193977634609,-31.8047844431389,-31.7284618652558,-31.5614780497587,-31.5674276980483
"Le Macchie (Ripagnola Polignano a mare)",0.739589325212002,0.787884997265491,0.714199698350451,-31.5077794770603,1,0.517564672520273,0.714696414684374,0.668689189770517,0.634578480149573,0.811287758791351,0.833697087649365,0.786891564597645,0.835683952985057,0.702995033921444,0.797102796358807,-2.61734218215065,0.879012461699317,0.694243461647894,-0.878764994069733,0.702995033921444,-0.176094641285983,0.679720615104331,-13.5069342736886,0.61415601662725,0.739589325212002,0.748776634791161,0.729004584901191,0.727391228115149,0.702995033921444,0.738099176210234,0.702995033921444,0.702498317587521,0.763488803071785,0.798592945360575,0.796109363690961,0.823982572222127,0.750793989641009,-0.513681358330324,0.762495370403939,0.435752860374353,-17.4540614960057,0.721927348441998,-15.4159655811258,0.566357060907684,0.702995033921444,0.702995033921444,0.739589325212002,0.751290705974932,0.835187236651134,0.762992086737862,0.751787422308855,-26.4775677145066,0.577561725336691,-2.94843628244805,0.751787422308855,0.702498317587521,-1.73458659691064,0.739589325212002,0.75374379813039,-3.04594645719996,-3.35000676430293,-1.52936239619395,0.702995033921444,-5.81936430928711,0.153030709922932,-0.627190693614479,-14.2320924191358,-24.0077255904598,0.869794662606001,0.344301918701798,0.788381713599414,0.702995033921444,0.723263800145336,0.722086180664903,0.489041050356753
"Spila Nakovana",0.77797534730827,0.729679675254782,0.75457258578241,-31.594957887544,0.517564672520273,1,0.778472063642193,0.581510779286837,0.8829861923707,0.706276913728922,0.351261760169638,0.730673107922628,0.681880719535216,0.790173444405123,0.720461876161466,-2.70452059263433,0.638552210820956,0.711213587553993,-0.965943404553412,0.790173444405123,-0.263273051769663,0.501521187460785,-13.5941126841723,0.903408655893023,0.77797534730827,0.266341307311434,0.293374780473184,0.790173444405123,0.790173444405123,0.755069302116333,0.790173444405123,0.76627396654534,0.754075869448488,0.718971727159697,0.6726629204419,0.66918590610444,0.766770682879263,-0.600859768814004,0.755069302116333,0.535796542097554,-17.5412399064894,0.356505828591571,-15.5031439916095,0.951207611612588,0.790173444405123,0.790173444405123,0.77797534730827,0.619896801383106,0.682377435869139,0.75457258578241,0.765777250211418,-26.5647461249903,0.940002947183581,-3.03561469293173,0.765777250211418,0.76627396654534,-1.82176500739432,0.77797534730827,0.505336085909263,-3.13312486768364,-3.4371851747866,-1.4945598357091,0.790173444405123,-6.30179963676683,0.467672976050256,-0.714369104098159,-14.3192708296195,-24.0949040009435,0.574581427333154,0.397540077373278,0.729182958920859,0.790173444405123,0.738247060715744,0.571263245218599,0.948073616310621
"Lokvica",0.951704327946511,0.926811417418883,0.976100522140217,-31.793083062376,0.714696414684374,0.778472063642193,1,0.383385604454891,0.684861017538753,0.903408655893023,0.548393502333739,0.927804850086728,0.879012461699317,0.98829861923707,0.917593618325567,-2.90264576746628,0.835683952985057,0.908345329718094,-1.16406857938536,0.98829861923707,-0.461398226601609,0.698652929624885,-13.7922378590042,0.705283481061076,0.951704327946511,0.463473049475534,0.490506522637285,0.963902425043364,0.98829861923707,0.97659723847414,0.98829861923707,0.987801902903147,0.951207611612588,0.916103469323798,0.894190856799707,0.866317648268541,0.963902425043364,-0.79898494364595,0.952201044280434,0.337671367265607,-17.7393650813214,0.553637570755672,-15.7012691664414,0.729679675254782,0.98829861923707,0.98829861923707,0.951704327946511,0.817028543547207,0.87950917803324,0.951704327946511,0.939506230849658,-26.7628712998223,0.741877772351635,-3.23373986776368,0.939506230849658,0.987801902903147,-2.01989018222626,0.951704327946511,0.702467828073364,-3.33125004251559,-3.63531034961855,-1.69268501054105,0.98829861923707,-6.10466789460273,0.269547801218309,-0.912494278930105,-14.5173960044515,-24.2930291757755,0.771713169497255,0.199414902541332,0.9029119395591,0.98829861923707,0.935378802879845,0.7683949873827,0.77434463567238
"Balsignano I",0.40827851498252,0.456574187036008,0.382888888120968,-31.1764686668309,0.668689189770517,0.581510779286837,0.383385604454891,1,0.698524586916138,0.479976948561868,0.647770009914272,0.455580754368163,0.504373142755574,0.371684223691961,0.465791986129324,-2.28603137192117,0.547701651469834,0.362932651418411,-0.54745418384025,0.371684223691961,0.1552161689435,0.348409804874849,-13.1756234634591,0.678102123393815,0.40827851498252,0.661427766498736,0.641655716608767,0.396080417885667,0.371684223691961,0.406788365980751,0.371684223691961,0.371187507358038,0.432177992842303,0.467282135131093,0.464798553461478,0.51706795618635,0.419483179411527,-0.182370548100841,0.431184560174457,0.597283743915741,-17.1227506857762,0.634578480149573,-15.0846547708963,0.630303167674249,0.371684223691961,0.371684223691961,0.40827851498252,0.566357060907684,0.503876426421651,0.43168127650838,0.420476612079372,-26.1462569042771,0.641507832103256,-2.61712547221857,0.420476612079372,0.371187507358038,-1.40327578668115,0.40827851498252,0.568810153063142,-2.71463564697048,-3.01869595407344,-1.44201352790153,0.371684223691961,-5.88331041605367,0.216976816689497,-0.295879883384996,-13.9007816089063,-23.6764147802304,0.611672434957636,0.65220996740542,0.457070903369931,0.371684223691961,0.391952989915853,0.39077537043542,0.552987157123318
"Balsignano II",0.66096153967897,0.636068629151342,0.68436430120483,-31.4779440799147,0.634578480149573,0.8829861923707,0.684861017538753,0.698524586916138,1,0.659471390677202,0.468275567798938,0.683867584870907,0.635075196483496,0.673159636775823,0.767267399213186,-2.58750678500503,0.755566018450256,0.664408064502273,-0.848929596924112,0.673159636775823,-0.146259244140363,0.454715664409065,-13.477098876543,0.833200371315442,0.66096153967897,0.383355114940734,0.410388588102485,0.673159636775823,0.673159636775823,0.708263779064613,0.673159636775823,0.6726629204419,0.660464823345047,0.695568965633838,0.76627396654534,0.59897762152686,0.696562398301683,-0.483845961184703,0.708263779064613,0.606004826675134,-17.4242260988601,0.473519636220871,-15.3861301839802,0.834193803983288,0.673159636775823,0.673159636775823,0.66096153967897,0.526285755279666,0.658974674343279,0.68436430120483,0.648763442582117,-26.447732317361,0.869794662606001,-2.91860088530243,0.648763442582117,0.6726629204419,-1.70475119976502,0.66096153967897,0.528738847435123,-3.01611106005434,-3.3201713671573,-1.3775460280798,0.673159636775823,-6.18478582913753,0.420867452998536,-0.597355296468859,-14.2022570219902,-23.9778901933142,0.644789711910734,0.514553885002579,0.612169151291559,0.673159636775823,0.644636014612304,0.594666006744459,0.85446257020718
"Trasanello I",0.928301566420651,0.97659723847414,0.9029119395591,-31.696491718269,0.811287758791351,0.706276913728922,0.903408655893023,0.479976948561868,0.659471390677202,1,0.644984846440716,0.975603805806294,0.975603805806294,0.891707275130093,0.892203991464015,-2.8060544233593,0.810294326123505,0.882955702856543,-1.06747723527838,0.891707275130093,-0.364806882494632,0.795244273731863,-13.6956465148972,0.778472063642193,0.928301566420651,0.560064393582512,0.587097866744263,0.916103469323798,0.891707275130093,0.926811417418883,0.891707275130093,0.89121055879617,0.952201044280434,0.963902425043364,0.84440503574445,0.939506230849658,0.939506230849658,-0.702393599538973,0.951207611612588,0.434262711372585,-17.6427737372144,0.650228914862649,-15.6046778223345,0.755069302116333,0.891707275130093,0.891707275130093,0.928301566420651,0.866814364602464,0.976100522140217,0.951704327946511,0.940499663517504,-26.6662799557153,0.766273966545341,-3.1371485236567,0.940499663517504,0.89121055879617,-1.92329883811929,0.928301566420651,0.799059172180341,-3.23465869840861,-3.53871900551157,-1.64488605482149,0.891707275130093,-6.00807655049575,0.341742951131581,-0.815902934823128,-14.4208046603445,-24.1964378316685,0.868304513604233,0.296006246648309,0.952697760614357,0.891707275130093,0.911976041353985,0.840590137295971,0.677753291565402
"Trasanello II",0.573286412861368,0.621582084914856,0.547896785999816,-31.3414765647097,0.833697087649365,0.351261760169638,0.548393502333739,0.647770009914272,0.468275567798938,0.644984846440716,1,0.620588652247011,0.669381040634422,0.536692121570809,0.630799884008172,-2.45103926980002,0.712709549348682,0.527940549297259,-0.712462081719098,0.536692121570809,-0.173611059616369,0.513417702753696,-13.3406313613379,0.447853104276616,0.573286412861368,0.704454693409055,0.684682643519086,0.561088315764515,0.536692121570809,0.571796263859599,0.536692121570809,0.536195405236886,0.59718589072115,0.632290033009941,0.629806451340326,0.682075854065198,0.584491077290375,-0.347378445979689,0.596192458053305,0.367034724798542,-17.2877585836551,0.677605407059892,-15.2496626687752,0.40005414855705,0.536692121570809,0.536692121570809,0.573286412861368,0.706968764592827,0.668884324300499,0.596689174387228,0.58548450995822,-26.311264802156,0.411258812986057,-2.78213337009742,0.58548450995822,0.536195405236886,-1.56828368456,0.573286412861368,0.709421856748284,-2.87964354484933,-3.18370385195229,-1.48504045481185,0.536692121570809,-5.65306139693647,-0.013272202427703,-0.460887781263844,-14.0657895067852,-23.8414226781092,0.776680332836484,0.299979977319692,0.622078801248779,0.536692121570809,0.556960887794701,0.555783268314268,0.322738138006119
"Pulo di Molfetta Fondo Azzolini",0.952697760614357,0.952201044280434,0.927308133752806,-31.7208879124627,0.786891564597645,0.730673107922628,0.927804850086728,0.455580754368163,0.683867584870907,0.975603805806294,0.620588652247011,1,0.951207611612588,0.916103469323798,0.916600185657721,-2.83045061755301,0.834690520317211,0.907351897050249,-1.09187342947209,0.916103469323798,-0.389203076688338,0.770848079538157,-13.7200427090909,0.754075869448488,0.952697760614357,0.535668199388806,0.562701672550557,0.940499663517504,0.916103469323798,0.951207611612588,0.916103469323798,0.915606752989875,0.97659723847414,0.98829861923707,0.868801229938155,0.915110036655953,0.963902425043364,-0.726789793732679,0.975603805806294,0.409866517178879,-17.6671699314081,0.625832720668943,-15.6290740165282,0.755069302116333,0.916103469323798,0.916103469323798,0.952697760614357,0.842418170408758,0.951704327946511,0.976100522140217,0.96489585771121,-26.690676149909,0.790670160739046,-3.16154471785041,0.96489585771121,0.915606752989875,-1.94769503231299,0.952697760614357,0.774662977986635,-3.25905489260232,-3.56311519970528,-1.62048986062778,0.916103469323798,-6.03247274468946,0.341742951131581,-0.840299129016834,-14.4452008545382,-24.2208340258622,0.843908319410527,0.271610052454603,0.928301566420651,0.916103469323798,0.936372235547691,0.840590137295971,0.702149485759108
"Trasano",0.903905372226945,0.952201044280434,0.878515745365394,-31.6720955240753,0.835683952985057,0.681880719535216,0.879012461699317,0.504373142755574,0.635075196483496,0.975603805806294,0.669381040634422,0.951207611612588,1,0.867311080936387,0.86780779727031,-2.78165822916559,0.7858981319298,0.858559508662837,-1.04308104108468,0.867311080936387,-0.340410688300926,0.819640467925569,-13.6712503207035,0.778472063642193,0.903905372226945,0.584460587776218,0.611494060937968,0.891707275130093,0.867311080936387,0.902415223225177,0.867311080936387,0.866814364602464,0.927804850086728,0.939506230849658,0.820008841550744,0.963902425043364,0.915110036655953,-0.677997405345267,0.926811417418883,0.45865890556629,-17.6183775430207,0.674625109056355,-15.5802816281408,0.730673107922628,0.867311080936387,0.867311080936387,0.903905372226945,0.89121055879617,0.976100522140217,0.927308133752806,0.916103469323798,-26.6418837615216,0.741877772351635,-3.11275232946299,0.916103469323798,0.866814364602464,-1.89890264392558,0.903905372226945,0.823455366374047,-3.21026250421491,-3.51432281131787,-1.66928224901519,0.867311080936387,-5.98368035630205,0.317346756937875,-0.791506740629422,-14.3964084661508,-24.1720416374748,0.892700707797938,0.320402440842015,0.952697760614357,0.867311080936387,0.887579847160279,0.816193943102266,0.653357097371697
"Susac Poje",0.963405708709441,0.915110036655953,0.964399141377287,-31.8047844431389,0.702995033921444,0.790173444405123,0.98829861923707,0.371684223691961,0.673159636775823,0.891707275130093,0.536692121570809,0.916103469323798,0.867311080936387,1,0.905892237562637,-2.91434714822921,0.823982572222127,0.896643948955164,-1.17576996014829,1,-0.473099607364539,0.686951548861955,-13.8039392397671,0.693582100298146,0.963405708709441,0.451771668712604,0.478805141874355,0.975603805806294,1,0.96489585771121,1,0.976100522140217,0.939506230849658,0.904402088560868,0.882489476036777,0.854616267505611,0.952201044280434,-0.81068632440888,0.940499663517504,0.325969986502677,-17.7510664620843,0.541936189992742,-15.7129705472044,0.741381056017712,1,1,0.963405708709441,0.805327162784277,0.86780779727031,0.940002947183581,0.951207611612588,-26.7745726805852,0.730176391588705,-3.24544124852661,0.951207611612588,0.976100522140217,-2.03159156298919,0.963405708709441,0.690766447310434,-3.34295142327852,-3.64701173038148,-1.70438639130398,1,-6.11636927536566,0.257846420455379,-0.924195659693035,-14.5290973852144,-24.3047305565384,0.760011788734325,0.187713521778402,0.91461332032203,1,0.923677422116915,0.75669360661977,0.76264325490945
"Favella",0.893694140465784,0.868801229938155,0.917096901991644,-31.7106766807015,0.797102796358807,0.720461876161466,0.917593618325567,0.465791986129324,0.767267399213186,0.892203991464015,0.630799884008172,0.916600185657721,0.86780779727031,0.905892237562637,1,-2.82023938579184,0.91809033465949,0.897140665289087,-1.08166219771093,0.905892237562637,-0.378991844927177,0.687448265195878,-13.7098314773298,0.670676055106209,0.893694140465784,0.545879431149968,0.572912904311718,0.905892237562637,0.905892237562637,0.940996379851427,0.905892237562637,0.905395521228714,0.893197424131861,0.928301566420651,0.952201044280434,0.831710222313674,0.929294999088497,-0.716578561971517,0.940996379851427,0.42007774894004,-17.6569586996469,0.636043952430105,-15.618862784767,0.671669487774055,0.905892237562637,0.905892237562637,0.893694140465784,0.759018356066479,0.891707275130093,0.917096901991644,0.881496043368931,-26.6804649181478,0.707270346396767,-3.15133348608924,0.881496043368931,0.905395521228714,-1.93748380055183,0.893694140465784,0.761471448221937,-3.24884366084116,-3.55290396794412,-1.61027862886662,0.905892237562637,-6.0222615129283,0.258343136789302,-0.830087897255672,-14.434989622777,-24.210622794101,0.854119551171688,0.281821284215765,0.844901752078372,0.905892237562637,0.877368615399118,0.827398607531273,0.691938253997947
"Piana di Curinga",-2.87775285693865,-2.82945718488516,-2.9031424838002,-27.8904372949097,-2.61734218215065,-2.70452059263433,-2.90264576746628,-2.28603137192117,-2.58750678500503,-2.8060544233593,-2.45103926980002,-2.83045061755301,-2.78165822916559,-2.91434714822921,-2.82023938579184,1,-2.73832972045133,-2.81099109718437,-2.27553742228438,-2.91434714822921,-1.63641709441431,-2.60129869709116,-9.88959209153792,-2.60792924852735,-2.87775285693865,-2.36611881694181,-2.39315229010356,-2.8899509540355,-2.91434714822921,-2.87924300594042,-2.91434714822921,-2.91484386456313,-2.85385337907887,-2.81874923679008,-2.82123281845969,-2.76896341573482,-2.86654819250964,-2.12830097995597,-2.85484681174671,-2.24031713473188,-13.8367193138551,-2.45628333822195,-11.7986233989752,-2.65572820424692,-2.91434714822921,-2.91434714822921,-2.87775285693865,-2.71967431101348,-2.78215494549952,-2.85435009541279,-2.8655547598418,-25.3826470570197,-2.64452353981791,-1.74282636810953,-2.8655547598418,-2.91484386456313,-0.687829993632305,-2.87775285693865,-2.60511359553964,-0.972058375727363,-0.0129336404482387,-1.33103699010908,-2.91434714822921,-6.24653727274343,-2.17219356868459,-1.95143868188421,-10.7268578603036,-20.3903834083092,-2.67435893696353,-2.10206067000761,-2.82896046855124,-2.91434714822921,-2.83802457034612,-2.67104075484898,-2.67699040313866
"Scamuso I",0.811784475125274,0.786891564597645,0.835187236651134,-31.628767015361,0.879012461699317,0.638552210820956,0.835683952985057,0.547701651469834,0.755566018450256,0.810294326123505,0.712709549348682,0.834690520317211,0.7858981319298,0.823982572222127,0.91809033465949,-2.73832972045133,1,0.815230999948577,-0.999752532370416,0.823982572222127,-0.297082179586666,0.605538599855368,-13.6279218119893,0.588766389765699,0.811784475125274,0.627789096490478,0.654822569652228,0.823982572222127,0.823982572222127,0.859086714510917,0.823982572222127,0.823485855888204,0.811287758791351,0.846391901080141,0.917096901991644,0.749800556973164,0.847385333747987,-0.634668896631007,0.859086714510917,0.36157084512539,-17.5750490343064,0.647745333193035,-15.5369531194265,0.589759822433544,0.823982572222127,0.823982572222127,0.811784475125274,0.677108690725969,0.809797609789582,0.835187236651134,0.799586378028421,-26.5985552528073,0.625360681056257,-3.06942382074873,0.799586378028421,0.823485855888204,-1.85557413521132,0.811784475125274,0.679561782881426,-3.16693399550065,-3.47099430260361,-1.52836896352611,0.823982572222127,-5.94035184758779,0.176433471448792,-0.748178231915162,-14.3530799574365,-24.1287131287605,0.795612647357038,0.270119903452835,0.762992086737862,0.823982572222127,0.795458950058607,0.745488942190763,0.610028588657437
"Grotta San Michele Arcangelo I",0.884445851858311,0.859552941330683,0.907848613384171,-31.7014283920941,0.694243461647894,0.711213587553993,0.908345329718094,0.362932651418411,0.664408064502273,0.882955702856543,0.527940549297259,0.907351897050249,0.858559508662837,0.896643948955164,0.897140665289087,-2.81099109718437,0.815230999948577,1,-1.07241390910345,0.896643948955164,-0.369743556319704,0.790307599906791,-13.7005831887223,0.661427766498736,0.884445851858311,0.55512771975744,0.526107381259998,0.896643948955164,0.896643948955164,0.931748091243954,0.896643948955164,0.896147232621241,0.883949135524388,0.895650516287319,0.849341709569521,0.822461933706201,0.920046710481024,-0.707330273364045,0.931748091243954,0.429326037547513,-17.6477104110394,0.533184617719192,-15.6096144961595,0.662421199166582,0.896643948955164,0.896643948955164,0.884445851858311,0.749770067459007,0.85905622499676,0.907848613384171,0.872247754761458,-26.6712166295404,0.698022057789295,-3.14208519748177,0.872247754761458,0.896147232621241,-1.92823551194436,0.884445851858311,0.794122498355269,-3.23959537223368,-3.54365567933664,-1.60103034025915,0.896643948955164,-6.12512084763921,0.361202471500215,-0.932947231966585,-14.4257413341695,-24.2013745054936,0.751260216460775,0.291069572823238,0.8356534634709,0.896643948955164,0.924174138450838,0.860049657664606,0.738743777049667
"Grotta San Michele Arcangelo II",-1.13917566885773,-1.09087999680424,-1.16456529571928,-29.6290144829906,-0.878764994069733,-0.965943404553412,-1.16406857938536,-0.54745418384025,-0.848929596924112,-1.06747723527838,-0.712462081719098,-1.09187342947209,-1.04308104108468,-1.17576996014829,-1.08166219771093,-2.27553742228438,-0.999752532370416,-1.07241390910345,1,-1.17576996014829,-0.153981081438989,-1.08693675564702,-11.6281692796188,-0.869352060446435,-1.13917566885773,-0.627541628860893,-0.654575102022644,-1.15137376595458,-1.17576996014829,-1.1406658178595,-1.17576996014829,-1.17626667648221,-1.11527619099795,-1.08017204870916,-1.08265563037877,-1.0303862276539,-1.12797100442872,0.41070111762382,-1.11626962366579,-0.838062816606123,-15.575296501936,-0.717706150141031,-13.5372005870561,-0.917151016166001,-1.17576996014829,-1.17576996014829,-1.13917566885773,-0.981097122932566,-1.0435777574186,-1.11577290733187,-1.12697757176088,-24.5988027204369,-0.905946351736994,-1.46492820537437,-1.12697757176088,-1.17626667648221,-0.587707428652077,-1.13917566885773,-0.866536407458723,-1.16718146313023,-1.5200341586206,-2.33909657332861,-1.17576996014829,-6.11182287060056,-1.21836974383237,-0.437345051443396,-13.0364208624899,-22.1289605963901,-0.935781748882614,-0.363483481926691,-1.09038328047032,-1.17576996014829,-1.0994473822652,-1.04457119008644,-0.938413215057739
"Palata 1",0.963405708709441,0.915110036655953,0.964399141377287,-31.8047844431389,0.702995033921444,0.790173444405123,0.98829861923707,0.371684223691961,0.673159636775823,0.891707275130093,0.536692121570809,0.916103469323798,0.867311080936387,1,0.905892237562637,-2.91434714822921,0.823982572222127,0.896643948955164,-1.17576996014829,1,-0.473099607364539,0.686951548861955,-13.8039392397671,0.693582100298146,0.963405708709441,0.451771668712604,0.478805141874355,0.975603805806294,1,0.96489585771121,1,0.976100522140217,0.939506230849658,0.904402088560868,0.882489476036777,0.854616267505611,0.952201044280434,-0.81068632440888,0.940499663517504,0.325969986502677,-17.7510664620843,0.541936189992742,-15.7129705472044,0.741381056017712,1,1,0.963405708709441,0.805327162784277,0.86780779727031,0.940002947183581,0.951207611612588,-26.7745726805852,0.730176391588705,-3.24544124852661,0.951207611612588,0.976100522140217,-2.03159156298919,0.963405708709441,0.690766447310434,-3.34295142327852,-3.64701173038148,-1.70438639130398,1,-6.11636927536566,0.257846420455379,-0.924195659693035,-14.5290973852144,-24.3047305565384,0.760011788734325,0.187713521778402,0.91461332032203,1,0.923677422116915,0.75669360661977,0.76264325490945
"Danilo-Bitinj",-0.436505316073981,-0.388209644020492,-0.461894942935532,-30.3316848357744,-0.176094641285983,-0.263273051769663,-0.461398226601609,0.1552161689435,-0.146259244140363,-0.364806882494632,-0.173611059616369,-0.389203076688338,-0.340410688300926,-0.473099607364539,-0.378991844927177,-1.63641709441431,-0.297082179586666,-0.369743556319704,-0.153981081438989,-0.473099607364539,1,-0.328212591204073,-12.3308396324026,-0.166681707662685,-0.436505316073981,0.075128723922856,0.0480952507611052,-0.448703413170834,-0.473099607364539,-0.437995465075749,-0.473099607364539,-0.473596323698462,-0.412605838214198,-0.377501695925408,-0.379985277595022,-0.327715874870151,-0.425300651644974,-0.128100551036435,-0.413599270882044,-0.0793386521631809,-16.2779668547197,-0.0150357973572812,-14.2398709398398,-0.214480663382251,-0.473099607364539,-0.473099607364539,-0.436505316073981,-0.278426770148816,-0.340907404634849,-0.413102554548121,-0.424307218977128,-25.3014730732206,-0.203275998953244,-2.56285547515416,-0.424307218977128,-0.473596323698462,-0.9537488726207,-0.436505316073981,-0.163866054674973,-1.86985181591398,-2.17391212301694,-2.09523316245459,-0.473099607364539,-5.99720185396684,-0.459645579389425,0.35634631850022,-13.0559977778498,-22.8316309491739,-0.233111396098865,0.339186870857059,-0.387712927686569,-0.473099607364539,-0.396777029481455,-0.285847025643502,-0.235742862273989
"Pokrovnik",0.723545840152514,0.771841512206003,0.698156213290963,-31.4917359920009,0.679720615104331,0.501521187460785,0.698652929624885,0.348409804874849,0.454715664409065,0.795244273731863,0.513417702753696,0.770848079538157,0.819640467925569,0.686951548861955,0.687448265195878,-2.60129869709116,0.605538599855368,0.790307599906791,-1.08693675564702,0.686951548861955,-0.328212591204073,1,-13.4908907886291,0.598112531567762,0.723545840152514,0.540604873213878,0.511584534716436,0.711347743055661,0.686951548861955,0.722055691150745,0.686951548861955,0.686454832528033,0.747445318012297,0.759146698775227,0.639649309476312,0.807939087162639,0.734750504581521,-0.497637873270836,0.746451885344451,0.639018437640722,-17.4380180109462,0.518661771175629,-15.3999220960663,0.550313575848196,0.686951548861955,0.686951548861955,0.723545840152514,0.735247220915444,0.795740990065786,0.746948601678374,0.735743937249367,-26.4615242294471,0.561518240277203,-2.93239279738856,0.735743937249367,0.686454832528033,-1.71854311185115,0.723545840152514,0.779599651811707,-3.02990297214048,-3.33396327924344,-1.51331891113447,0.686951548861955,-6.13964369418277,0.473310094818601,-0.947470078510148,-14.2160489340763,-23.9916821054003,0.736737369917213,0.276546726279675,0.772338228539926,0.686951548861955,0.76327412674504,0.860049657664606,0.529051376956458
"Umbro Bova Marina",-13.7673449484766,-13.7190492764231,-13.7927345753381,-27.0485849868638,-13.5069342736886,-13.5941126841723,-13.7922378590042,-13.1756234634591,-13.477098876543,-13.6956465148972,-13.3406313613379,-13.7200427090909,-13.6712503207035,-13.8039392397671,-13.7098314773298,-9.88959209153792,-13.6279218119893,-13.7005831887223,-11.6281692796188,-13.8039392397671,-12.3308396324026,-13.4908907886291,1,-13.4975213400653,-13.7673449484766,-13.2557109084797,-13.2827443816415,-13.7795430455734,-13.8039392397671,-13.7688350974783,-13.8039392397671,-13.8044359561011,-13.7434454706168,-13.708341328328,-13.7108249099976,-13.6585555072727,-13.7561402840476,-11.9932529153582,-13.7444389032846,-13.1299092262698,-11.9753459153516,-13.3458754297599,-11.6554966262051,-13.5453202957848,-13.8039392397671,-13.8039392397671,-13.7673449484766,-13.6092664025514,-13.6717470370374,-13.7439421869507,-13.7551468513797,-22.6155579275577,-13.5341156313558,-10.0220256809209,-13.7551468513797,-13.8044359561011,-10.7723476767779,-13.7673449484766,-13.4947056870776,-9.46098781648861,-9.15692750938565,-11.0995528484631,-13.8039392397671,-10.9234698005821,-13.0617856602225,-11.8797435800741,-7.70365722156447,-9.50079131677126,-13.5639510285015,-12.9916527615455,-13.7185525600892,-13.8039392397671,-13.727616661884,-13.5606328463869,-13.5665824946766
"Grotta Scaloria",0.730176391588705,0.778472063642193,0.704786764727153,-31.498366543437,0.61415601662725,0.903408655893023,0.705283481061076,0.678102123393815,0.833200371315442,0.778472063642193,0.447853104276616,0.754075869448488,0.778472063642193,0.693582100298146,0.670676055106209,-2.60792924852735,0.588766389765699,0.661427766498736,-0.869352060446435,0.693582100298146,-0.166681707662685,0.598112531567762,-13.4975213400653,1,0.730176391588705,0.362932651418411,0.389966124580162,0.717978294491852,0.693582100298146,0.705283481061076,0.693582100298146,0.693085383964223,0.754075869448488,0.742374488685558,0.622877099386643,0.765777250211418,0.741381056017712,-0.504268424707026,0.729679675254782,0.632387886204531,-17.4446485623824,0.453097172698548,-15.4065526475025,0.952201044280434,0.693582100298146,0.693582100298146,0.730176391588705,0.693085383964223,0.778968779976116,0.753579153114565,0.742374488685558,-26.4681547808833,0.963405708709441,-2.93902334882475,0.742374488685558,0.693085383964223,-1.72517366328734,0.730176391588705,0.60192743001624,-3.03653352357667,-3.34059383067963,-1.47115707418324,0.693582100298146,-6.20520829265986,0.515471931769822,-0.617777759991181,-14.2226794855125,-23.9983126568365,0.671172771440132,0.494131421480256,0.778968779976116,0.693582100298146,0.713850866522038,0.619062200938165,0.874885033729503
"Masseria Santa Tecchia",1,0.951704327946511,0.927804850086728,-31.7681901518483,0.739589325212002,0.77797534730827,0.951704327946511,0.40827851498252,0.66096153967897,0.928301566420651,0.573286412861368,0.952697760614357,0.903905372226945,0.963405708709441,0.893694140465784,-2.87775285693865,0.811784475125274,0.884445851858311,-1.13917566885773,0.963405708709441,-0.436505316073981,0.723545840152514,-13.7673449484766,0.730176391588705,1,0.488365960003163,0.515399433164914,0.987801902903147,0.963405708709441,0.928301566420651,0.963405708709441,0.939506230849658,0.976100522140217,0.940996379851427,0.845895184746218,0.89121055879617,0.964399141377287,-0.774092033118321,0.952697760614357,0.362564277793236,-17.7144721707937,0.5785304812833,-15.6763762559138,0.77797534730827,0.963405708709441,0.963405708709441,1,0.841921454074835,0.904402088560868,0.97659723847414,0.987801902903147,-26.7379783892946,0.766770682879263,-3.20884695723605,0.987801902903147,0.939506230849658,-1.99499727169863,1,0.727360738600992,-3.30635713198796,-3.61041743909092,-1.66779210001342,0.963405708709441,-6.0797749840751,0.294440711745938,-0.887601368402477,-14.4925030939238,-24.2681362652478,0.796606080024884,0.22430781306896,0.951207611612588,0.963405708709441,0.960271713407474,0.793287897910328,0.726048963618891
"Masseria Candelaro II",0.488365960003163,0.536661632056652,0.462976333141612,-31.2565561118515,0.748776634791161,0.266341307311434,0.463473049475534,0.661427766498736,0.383355114940734,0.560064393582512,0.704454693409055,0.535668199388806,0.584460587776218,0.451771668712604,0.545879431149968,-2.36611881694181,0.627789096490478,0.55512771975744,-0.627541628860893,0.451771668712604,0.075128723922856,0.540604873213878,-13.2557109084797,0.362932651418411,0.488365960003163,1,0.924174138450838,0.47616786290631,0.451771668712604,0.486875811001395,0.451771668712604,0.451274952378682,0.512265437862946,0.547369580151736,0.544885998482122,0.597155401206994,0.49957062443217,-0.262457993121485,0.5112720051951,0.394221895258723,-17.2028381307969,0.861043090332451,-15.164742215917,0.315133695698845,0.451771668712604,0.451771668712604,0.488365960003163,0.646444505928328,0.583963871442295,0.511768721529023,0.500564057100016,-26.2263443492978,0.326338360127852,-2.69721291723921,0.500564057100016,0.451274952378682,-1.4833632317018,0.488365960003163,0.761005221402171,-2.79472309199112,-3.09878339909409,-1.66847813808441,0.451771668712604,-5.68024856739665,0.0139149680324784,-0.488074951724025,-13.980869053927,-23.756502225251,0.691759879978279,0.473544312942108,0.537158348390575,0.451771668712604,0.52809424659569,0.582970438774449,0.293871496807107
"Masseria Candelaro III",0.515399433164914,0.563695105218402,0.490009806303362,-31.2835895850133,0.729004584901191,0.293374780473184,0.490506522637285,0.641655716608767,0.410388588102485,0.587097866744263,0.684682643519086,0.562701672550557,0.611494060937968,0.478805141874355,0.572912904311718,-2.39315229010356,0.654822569652228,0.526107381259998,-0.654575102022644,0.478805141874355,0.0480952507611052,0.511584534716436,-13.2827443816415,0.389966124580162,0.515399433164914,0.924174138450838,1,0.503201336068061,0.478805141874355,0.513909284163145,0.478805141874355,0.478308425540432,0.539298911024697,0.574403053313487,0.571919471643872,0.624188874368744,0.526604097593921,-0.289491466283236,0.538305478356851,0.365201556761281,-17.2298716039586,0.936868951881614,-15.1917756890787,0.342167168860596,0.478805141874355,0.478805141874355,0.515399433164914,0.673477979090079,0.610997344604046,0.538802194690774,0.527597530261767,-26.2533778224595,0.353371833289603,-2.72424639040096,0.527597530261767,0.478308425540432,-1.51039670486355,0.515399433164914,0.731984882904729,-2.82175656515288,-3.12581687225584,-1.74430399963357,0.478805141874355,-5.65122822889921,-0.0151053704649637,-0.459054613226583,-14.0079025270887,-23.7835356984127,0.71879335314003,0.444523974444666,0.564191821552325,0.478805141874355,0.55512771975744,0.553950100277007,0.320904969968858
"Krivače",0.987801902903147,0.939506230849658,0.940002947183581,-31.7803882489452,0.727391228115149,0.790173444405123,0.963902425043364,0.396080417885667,0.673159636775823,0.916103469323798,0.561088315764515,0.940499663517504,0.891707275130093,0.975603805806294,0.905892237562637,-2.8899509540355,0.823982572222127,0.896643948955164,-1.15137376595458,0.975603805806294,-0.448703413170834,0.711347743055661,-13.7795430455734,0.717978294491852,0.987801902903147,0.47616786290631,0.503201336068061,1,0.975603805806294,0.940499663517504,0.975603805806294,0.951704327946511,0.963902425043364,0.928798282754574,0.858093281843071,0.879012461699317,0.97659723847414,-0.786290130215174,0.96489585771121,0.350366180696383,-17.7266702678906,0.566332384186447,-15.6885743530107,0.765777250211418,0.975603805806294,0.975603805806294,0.987801902903147,0.829723356977982,0.892203991464015,0.964399141377287,0.975603805806294,-26.7501764863915,0.75457258578241,-3.2210450543329,0.975603805806294,0.951704327946511,-2.00719536879549,0.987801902903147,0.715162641504139,-3.31855522908481,-3.62261553618778,-1.67999019711028,0.975603805806294,-6.09197308117196,0.282242614649085,-0.89979946549933,-14.5047011910207,-24.2803343623447,0.784407982928031,0.212109715972107,0.939009514515736,0.975603805806294,0.948073616310621,0.781089800813475,0.738247060715744
