"","Masseria Montevergine - Torre de Rubeis","Torre Sabea","Terragne","Sant'Anna di Oria","Le Macchie (Ripagnola Polignano a mare)","Spila Nakovana","Lokvica","Balsignano","Trasanello I","Trasanello II","Pulo di Molfetta Fondo Azzolini","Trasano","Susac Poje","Favella","Piana di Curinga","Scamuso I","Grotta San Michele Arcangelo I","Grotta San Michele Arcangelo II","Palata 1","Danilo-Bitinj","Pokrovnik","Umbro Bova Marina","Grotta Scaloria","Masseria Santa Tecchia","Masseria Candelaro II","Masseria Candelaro III","Krivače","Coppa Nevigata","Ex Palestra GIL","Durdeva greda","Barice Smilcic","Ripatetta","Masseria Acquasalsa","Rocchicella-Paliké","Marcianese","Villa Badessa (Cepegatti)","Colle Cera","Grotta dei Piccioni","Kargadur","Catignano","Rio Tana","Colle Santo Stefano","Grotta Sant'Angelo I","Grotta Sant'Angelo II","Villaggio Ortucchio","Portonovo","Grotta Continenza","Maddalena di Muccia","Pian di Calisti","Grotta dei Cocci","La Marmotta","La Lucciola","Fornace Cappuccini","Pienza","Savignano sul Panaro","Le Secche","Fiorano Modenese","Casa Querciolaia","Cala Giovanna","La Scola","Strette","Abri Albertini","Renaghju","Basi I","Su Carroppu","Rio Saboccu","Sa Punta","Cuccuru is Arrius","Arene Candide II","Arene Candide I","Grotta Pollera","Grande Rivoire","Pont de Roque-Haute","Peiro Signado"
"Masseria Montevergine - Torre de Rubeis",1,0.953342908574777,0.932280902893091,-30.0218858832906,0.790983337810711,0.778326482883914,0.586781131573216,0.513586569145699,0.941347063016793,0.652615458162611,0.962409068698479,0.911218897211405,0.961607371384694,0.916553674587041,-2.40411551078351,0.85870243491762,0.896645424131795,-1.05545576401357,0.961607371384694,-0.39233420646812,0.73952304925489,-12.2886904588605,0.736202471520542,1,0.533256550167497,0.550673440891253,0.987202457128231,0.961607371384694,0.936813982954942,0.961607371384694,0.940545365703008,0.978937994318314,0.954144605888562,0.874429663223669,0.893888274277785,0.970673531508397,-0.680032210103875,0.962409068698479,0.397966030650765,-12.1926696935313,0.601949880168462,-15.2404139199475,0.778326482883914,0.961607371384694,0.961607371384694,1,0.838165022728859,0.932280902893091,0.983471074380165,0.987202457128231,-25.3677669787799,0.774595100135848,-3.72734971427925,0.987202457128231,0.940545365703008,-1.77705896378291,1,0.743876606984357,-3.02897225657423,-3.1432594626332,-1.4197510968105,0.961607371384694,-5.41927925633208,0.32980428089484,-0.799682390328002,-12.3223173392715,-20.7415845985113,-18.1451046026273,0.818706411674744,0.254674178640747,0.948809828512926,0.961607371384694,0.965252486342625,0.818885934007128
"Torre Sabea",0.953342908574777,1,0.902152737087702,-29.9752287918654,0.837640429235934,0.73166939145869,0.556652965767827,0.560243660570922,0.962409068698479,0.699272549587834,0.957875988636628,0.957875988636628,0.914950279959471,0.886425508781653,-2.35745841935828,0.828574269112231,0.866517258326407,-1.00879867258835,0.914950279959471,-0.345677115042897,0.786180140680114,-12.2420333674353,0.782859562945765,0.953342908574777,0.579913641592721,0.597330532316476,0.940545365703008,0.914950279959471,0.906685817149554,0.914950279959471,0.91041719989762,0.974404914256463,0.949611525826711,0.844301497418281,0.940545365703008,0.940545365703008,-0.633375118678652,0.932280902893091,0.444623122075988,-12.1460126021061,0.648606971593685,-15.1937568285223,0.782859562945765,0.914950279959471,0.914950279959471,0.953342908574777,0.884822114154082,0.978937994318314,0.953342908574777,0.966140451446545,-25.3211098873546,0.770062020073996,-3.68069262285402,0.966140451446545,0.91041719989762,-1.73040187235769,0.953342908574777,0.79053369840958,-2.98231516514901,-3.09660237120797,-1.42428417687235,0.914950279959471,-5.37262216490685,0.350866286576526,-0.753025298902779,-12.2756602478463,-20.6949275070861,-18.0984475112021,0.865363503099967,0.30133127006597,0.978937994318314,0.914950279959471,0.935124320537236,0.839947939688814
"Terragne",0.932280902893091,0.902152737087702,1,-30.0565471291579,0.756322091943471,0.761797557264079,0.561186045829679,0.478925323278459,0.906685817149554,0.617954212295372,0.92774782283124,0.876557651344165,0.970673531508397,0.933082600206876,-2.43877675665075,0.875231360537455,0.91317434975163,-1.09011700988081,0.970673531508397,-0.42699545233536,0.704861803387651,-12.3233517047278,0.701541225653302,0.932280902893091,0.498595304300258,0.516012195024013,0.945078445764859,0.970673531508397,0.978937994318314,0.970673531508397,0.991735537190083,0.92774782283124,0.919483360021322,0.942148760330578,0.859227028410545,0.961607371384694,-0.714693455971115,0.953342908574777,0.363304784783525,-12.2273309393985,0.567288634301222,-15.2750751658148,0.710607385777005,0.970673531508397,0.970673531508397,0.932280902893091,0.786974851241785,0.897619657025851,0.948809828512926,0.919483360021322,-25.4024282246471,0.739933854268608,-3.76201096014649,0.919483360021322,0.991735537190083,-1.81172020965015,0.932280902893091,0.709215361117117,-3.06363350244147,-3.17792070850044,-1.45441234267774,0.970673531508397,-5.45394050219932,0.2951430350276,-0.834343636195242,-12.3569785851388,-20.7762458443785,-18.1797658484946,0.784045165807504,0.220012932773507,0.881090731406016,0.970673531508397,0.914062314855551,0.784224688139888
"Sant'Anna di Oria",-30.0218858832906,-29.9752287918654,-30.0565471291579,1,-29.8128692211013,-29.8514025376616,-29.6342621006074,-29.5354724524363,-29.9632329463074,-29.6745013414532,-29.9842949519891,-29.933104780502,-30.0602785119059,-29.9896297293647,-26.6177703725071,-29.9317784896953,-29.9697214789095,-27.9664301192771,-30.0602785119059,-28.6295516768225,-29.7614089325455,-25.5246392746975,-29.7580883548112,-30.0218858832906,-29.5551424334581,-29.5725593241819,-30.0346834261624,-30.0602785119059,-30.0354851234762,-30.0602785119059,-30.0648115919678,-30.0008238776089,-29.9760304891792,-29.9986958894884,-29.9157741575684,-30.0181545005426,-28.3418536731868,-30.0098900377326,-29.4198519139414,-33.6919612877985,-29.6238357634591,-24.4727653247925,-29.8002123661745,-30.0602785119059,-30.0602785119059,-30.0218858832906,-29.8600509060195,-29.9541667861837,-30.0053569576708,-30.0090883404189,-35.2221943046222,-29.7964809834265,-25.2945361690114,-30.0090883404189,-30.0648115919678,-27.2448269195077,-30.0218858832906,-29.765762490275,-25.9929136267164,-25.8786264206574,-27.6021347864801,-30.0602785119059,-29.5034330732395,-29.3516901641855,-28.2222034929626,-33.2803496167788,-29.0114631710214,-41.5243262490639,-29.8405922949654,-29.2765600619314,-29.9706957118036,-30.0602785119059,-29.9871383696333,-29.8407718172978
"Le Macchie (Ripagnola Polignano a mare)",0.790983337810711,0.837640429235934,0.756322091943471,-29.8128692211013,1,0.569309820694624,0.394293395003761,0.706074305715153,0.849636274793917,0.861632120351901,0.828574269112231,0.879764440599306,0.752590709195405,0.823239491736595,-2.19509884859422,0.881090731406016,0.73721553880201,-0.84643910182428,0.752590709195405,-0.183317544278831,0.733663678386329,-12.0796737966712,0.662624003545071,0.790983337810711,0.742273212356787,0.726632251840873,0.778185794938942,0.752590709195405,0.777384097625157,0.752590709195405,0.748057629133553,0.812045343492397,0.836838731922149,0.814173331612892,0.871499977789388,0.794714720558777,-0.471015547914586,0.802979183368694,0.474751287881377,-11.983653031342,0.728321914258578,-15.0313972577582,0.620499992181699,0.752590709195405,0.752590709195405,0.790983337810711,0.799247800620628,0.85870243491762,0.807512263430545,0.803780880682479,-25.1587503165906,0.624231374929765,-3.51833305208996,0.803780880682479,0.748057629133553,-1.56804230159362,0.790983337810711,0.787604012975299,-2.81995559438494,-2.93424280044391,-1.3387098633389,0.752590709195405,-5.21026259414279,0.221564567052129,-0.590665728138713,-12.1133006770822,-20.532567936322,-17.936087940438,0.895491668905355,0.364517287111028,0.842173509297785,0.752590709195405,0.77276474977317,0.760232997023921
"Spila Nakovana",0.778326482883914,0.73166939145869,0.761797557264079,-29.8514025376616,0.569309820694624,1,0.782859562945765,0.68406991477471,0.719673545900707,0.430941941046525,0.740735551582393,0.689545380095319,0.791124025755682,0.746070328958029,-2.2336321651545,0.688219089288608,0.726162078502784,-0.884972418384558,0.791124025755682,-0.221850860839109,0.517849532138804,-12.1182071132315,0.906685817149554,0.778326482883914,0.311583033051411,0.328999923775166,0.791124025755682,0.791124025755682,0.76633063732593,0.791124025755682,0.770062020073996,0.757264477202228,0.732471088772476,0.703946317594658,0.672214757161699,0.774595100135848,-0.509548864474863,0.76633063732593,0.568449376279777,-12.0221863479023,0.380276363052376,-15.0699305743185,0.948809828512926,0.791124025755682,0.791124025755682,0.778326482883914,0.616491505612773,0.710607385777005,0.761797557264079,0.765528940012145,-25.1972836331509,0.945078445764859,-3.55686636865024,0.765528940012145,0.770062020073996,-1.6065756181539,0.778326482883914,0.522203089868271,-2.85848891094522,-2.97277611700418,-1.24926775118149,0.791124025755682,-5.64095277344816,0.500287626523851,-0.629199044698991,-12.1518339936425,-20.5711012528823,-17.9746212569983,0.597032894558657,0.425157524269758,0.727136311396839,0.791124025755682,0.743578969226539,0.597212416891042
"Lokvica",0.586781131573216,0.556652965767827,0.561186045829679,-29.6342621006074,0.394293395003761,0.782859562945765,1,0.509053489083847,0.544657120209844,0.255925515355662,0.56571912589153,0.514528954404456,0.573983588701447,0.545458817523629,-2.01649172810026,0.487607577854208,0.525550567068383,-0.667831981330323,0.573983588701447,-0.00471042378487341,0.342833106447941,-11.9010666761773,0.73166939145869,0.586781131573216,0.136566607360548,0.153983498084303,0.599578674444985,0.573983588701447,0.56571912589153,0.573983588701447,0.569450508639596,0.582248051511365,0.557454663081613,0.503334806160257,0.497198331470836,0.599578674444985,-0.684565290165727,0.591314211635067,0.393432950588914,-11.8050459108481,0.205259937361513,-14.8527901372643,0.757264477202228,0.573983588701447,0.573983588701447,0.586781131573216,0.44147507992191,0.535590960086141,0.586781131573216,0.573983588701447,-24.9801431960966,0.770062020073996,-3.339725931596,0.573983588701447,0.569450508639596,-1.38943518109966,0.586781131573216,0.347186664177408,-2.64134847389098,-2.75563567994995,-1.42428417687235,0.573983588701447,-5.81596919913903,0.325271200832988,-0.412058607644755,-11.9346935565883,-20.3539608158281,-17.7574808199441,0.422016468867794,0.642297961323993,0.535590960086141,0.573983588701447,0.568562543535676,0.422195991200179
"Balsignano",0.513586569145699,0.560243660570922,0.478925323278459,-29.5354724524363,0.706074305715153,0.68406991477471,0.509053489083847,1,0.572239506128905,0.69568185478474,0.551177500447219,0.602367671934294,0.475193940530393,0.545842723071583,-1.91770207992921,0.603693962741004,0.459818770136998,-0.569042333159268,0.475193940530393,0.094079224386181,0.456266909721317,-11.8022770280062,0.777384097625157,0.513586569145699,0.627513118276701,0.628401083380621,0.50078902627393,0.475193940530393,0.499987328960145,0.475193940530393,0.470660860468541,0.534648574827385,0.559441963257137,0.53677656294788,0.619698294867914,0.517317951893765,-0.193618779249574,0.525582414703682,0.691891724935612,-11.706256262677,0.630090745798327,-14.7540004890932,0.735260086261785,0.475193940530393,0.475193940530393,0.513586569145699,0.675421546416839,0.581305666252608,0.530115494765533,0.526384112017467,-24.8813535479256,0.738991469009851,-3.24093628342495,0.526384112017467,0.470660860468541,-1.29064553292861,0.513586569145699,0.663777758771511,-2.54255882571993,-2.65684603177889,-1.24047869487865,0.475193940530393,-5.32502268822287,0.336324661132215,-0.313268959473701,-11.8359039084172,-20.255171167657,-17.658691171773,0.694880157470955,0.658442981395874,0.564776740632773,0.475193940530393,0.495367981108158,0.482836228358909
"Trasanello I",0.941347063016793,0.962409068698479,0.906685817149554,-29.9632329463074,0.849636274793917,0.719673545900707,0.544657120209844,0.572239506128905,1,0.711268395145818,0.978937994318314,0.953342908574777,0.902954434401487,0.924016440083173,-2.3454625738003,0.866165200413752,0.887579264008093,-0.996802827030363,0.902954434401487,-0.333681269484914,0.781647060618262,-12.2300375218773,0.761797557264079,0.941347063016793,0.591909487150704,0.609326377874459,0.928549520145025,0.902954434401487,0.92774782283124,0.902954434401487,0.898421354339636,0.962409068698479,0.987202457128231,0.881892428719802,0.919483360021322,0.945078445764859,-0.621379273120668,0.953342908574777,0.456618967633972,-12.1340167565481,0.660602817151669,-15.1817609829643,0.770863717387782,0.902954434401487,0.902954434401487,0.941347063016793,0.847231182852562,0.957875988636628,0.957875988636628,0.954144605888562,-25.3091140417967,0.774595100135848,-3.66869677729604,0.954144605888562,0.898421354339636,-1.7184060267997,0.941347063016793,0.802529543967564,-2.97031931959102,-3.08460652564999,-1.38669324557083,0.902954434401487,-5.36062631934887,0.371928292258212,-0.741029453344796,-12.2636644022883,-20.6829316615281,-18.0864516656441,0.87735934865795,0.313327115623953,0.941347063016793,0.902954434401487,0.923128474979253,0.877538870990335
"Trasanello II",0.652615458162611,0.699272549587834,0.617954212295372,-29.6745013414532,0.861632120351901,0.430941941046525,0.255925515355662,0.69568185478474,0.711268395145818,1,0.690206389464132,0.741396560951207,0.614222829547305,0.684871612088496,-2.05673096894612,0.742722851757917,0.598847659153911,-0.708071222176181,0.614222829547305,-0.160652143969575,0.595295798738229,-11.9413059170231,0.524256123896972,0.652615458162611,0.731880761426374,0.716239800910459,0.639817915290843,0.614222829547305,0.639016217977058,0.614222829547305,0.609689749485454,0.673677463844297,0.698470852274049,0.675805451964793,0.758727183884826,0.656346840910677,-0.332647668266486,0.664611303720595,0.438763751207426,-11.8452851516939,0.717929463328165,-14.8930293781101,0.4821321125336,0.614222829547305,0.614222829547305,0.652615458162611,0.788855349690215,0.720334555269521,0.669144383782446,0.66541300103438,-25.0203824369425,0.485863495281666,-3.37996517244186,0.66541300103438,0.609689749485454,-1.42967442194552,0.652615458162611,0.777211562044886,-2.68158771473684,-2.79587492079581,-1.32831741240849,0.614222829547305,-5.07189471449469,0.0831966874040296,-0.452297848490614,-11.9749327974341,-20.3942000566739,-17.79772006079,0.833909046487868,0.354124836180615,0.703805629649686,0.614222829547305,0.634396870125071,0.621865117375822
"Pulo di Molfetta Fondo Azzolini",0.962409068698479,0.957875988636628,0.92774782283124,-29.9842949519891,0.828574269112231,0.740735551582393,0.56571912589153,0.551177500447219,0.978937994318314,0.690206389464132,1,0.948809828512926,0.924016440083173,0.928549520145025,-2.36652457948199,0.870698280475603,0.908641269689779,-1.01786483271205,0.924016440083173,-0.3547432751666,0.777113980556411,-12.251099527559,0.757264477202228,0.962409068698479,0.570847481469018,0.588264372192773,0.949611525826711,0.924016440083173,0.948809828512926,0.924016440083173,0.919483360021322,0.983471074380165,0.991735537190083,0.886425508781653,0.914950279959471,0.966140451446545,-0.642441278802354,0.974404914256463,0.435556961952286,-12.1550787622298,0.639540811469983,-15.202822988646,0.76633063732593,0.924016440083173,0.924016440083173,0.962409068698479,0.842698102790711,0.953342908574777,0.978937994318314,0.975206611570248,-25.3301760474784,0.795657105817534,-3.68975878297773,0.975206611570248,0.919483360021322,-1.73946803248139,0.962409068698479,0.781467538285878,-2.99138132527271,-3.10566853133168,-1.38216016550898,0.924016440083173,-5.38168832503056,0.36739521219636,-0.762091459026482,-12.28472640797,-20.7039936672098,-18.1075136713258,0.856297342976264,0.292265109942267,0.936813982954942,0.924016440083173,0.944190480660939,0.856476865308649
"Trasano",0.911218897211405,0.957875988636628,0.876557651344165,-29.933104780502,0.879764440599306,0.689545380095319,0.514528954404456,0.602367671934294,0.953342908574777,0.741396560951207,0.948809828512926,1,0.872826268596099,0.87735934865795,-2.31533440799491,0.819508108988529,0.857451098202704,-0.966674661224974,0.872826268596099,-0.303553103679525,0.828304152043486,-12.1999093560719,0.782859562945765,0.911218897211405,0.622037652956093,0.639454543679848,0.898421354339636,0.872826268596099,0.897619657025851,0.872826268596099,0.868293188534248,0.932280902893091,0.940545365703008,0.835235337294578,0.966140451446545,0.914950279959471,-0.59125110731528,0.923214742769388,0.48674713343936,-12.1038885907427,0.690730982957057,-15.1516328171589,0.740735551582393,0.872826268596099,0.872826268596099,0.911218897211405,0.893888274277785,0.978937994318314,0.927747822831239,0.924016440083173,-25.2789858759913,0.744466934330459,-3.63856861149065,0.924016440083173,0.868293188534248,-1.68827786099431,0.911218897211405,0.832657709772952,-2.94019115378563,-3.0544783598446,-1.43335033699606,0.872826268596099,-5.33049815354348,0.341800126452823,-0.710901287539407,-12.2335362364829,-20.6528034957227,-18.0563234998387,0.907487514463339,0.343455281429342,0.962409068698479,0.872826268596099,0.893000309173865,0.830881779565112
"Susac Poje",0.961607371384694,0.914950279959471,0.970673531508397,-30.0602785119059,0.752590709195405,0.791124025755682,0.573983588701447,0.475193940530393,0.902954434401487,0.614222829547305,0.924016440083173,0.872826268596099,1,0.92935121745881,-2.44250813939881,0.871499977789388,0.909442967003564,-1.09384839262888,1,-0.430726835083426,0.701130420639585,-12.3270830874758,0.697809842905236,0.961607371384694,0.494863921552191,0.512280812275947,0.974404914256463,1,0.975206611570248,1,0.978937994318314,0.940545365703008,0.915751977273256,0.912822291838975,0.855495645662479,0.957875988636628,-0.718424838719181,0.949611525826711,0.359573402035459,-12.2310623221466,0.563557251553156,-15.2788065485628,0.739933854268608,1,1,0.961607371384694,0.799772394113553,0.893888274277785,0.945078445764859,0.948809828512926,-25.4061596073952,0.736202471520542,-3.76574234289455,0.948809828512926,0.978937994318314,-1.81545159239821,0.961607371384694,0.705483978369051,-3.06736488518954,-3.1816520912485,-1.45814372542581,1,-5.45767188494738,0.291411652279534,-0.838075018943308,-12.3607099678868,-20.7799772271266,-18.1834972312426,0.780313783059438,0.216281550025441,0.91041719989762,1,0.926859857727319,0.780493305391822
"Favella",0.916553674587041,0.886425508781653,0.933082600206876,-29.9896297293647,0.823239491736595,0.746070328958029,0.545458817523629,0.545842723071583,0.924016440083173,0.684871612088496,0.928549520145025,0.87735934865795,0.92935121745881,1,-2.37185935685762,0.942148760330578,0.913976047065415,-1.02319961008769,0.92935121745881,-0.360078052542236,0.705663500701436,-12.2564343049346,0.685813997347252,0.916553674587041,0.565512704093382,0.582929594817137,0.92935121745881,0.92935121745881,0.954144605888562,0.92935121745881,0.924818137396959,0.91202059452519,0.936813982954942,0.957875988636628,0.843499800104496,0.945880143078645,-0.647776056177991,0.954144605888562,0.430222184576649,-12.1604135396054,0.634206034094347,-15.2081577660216,0.694880157470955,0.92935121745881,0.92935121745881,0.916553674587041,0.771247622935735,0.881892428719802,0.933082600206876,0.903756131715273,-25.335510824854,0.724206625962558,-3.69509356035336,0.903756131715273,0.924818137396959,-1.74480280985702,0.916553674587041,0.759603835290407,-2.99671610264835,-3.11100330870731,-1.38749494288462,0.92935121745881,-5.38702310240619,0.295944732341385,-0.767426236402118,-12.2900611853457,-20.7093284445854,-18.1128484487015,0.850962565600628,0.286930332566631,0.865363503099967,0.92935121745881,0.898335086549501,0.834613162313178
"Piana di Curinga",-2.40411551078351,-2.35745841935828,-2.43877675665075,-26.6177703725071,-2.19509884859422,-2.2336321651545,-2.01649172810026,-1.91770207992921,-2.3454625738003,-2.05673096894612,-2.36652457948199,-2.31533440799491,-2.44250813939881,-2.37185935685762,1,-2.3140081171882,-2.35195110640238,-1.96115014861278,-2.44250813939881,-1.21654199026369,-2.1436385600384,-8.88457494807701,-2.14031798230405,-2.40411551078351,-1.93737206095101,-1.95478895167476,-2.41691305365528,-2.44250813939881,-2.41771475096906,-2.44250813939881,-2.44704121946067,-2.38305350510182,-2.35826011667207,-2.38092551698133,-2.29800378506129,-2.40038412803544,-1.7990769019082,-2.39211966522552,-1.80208154143427,-11.4898253691885,-2.00606539095197,-11.836298409164,-2.18244199366742,-2.44250813939881,-2.44250813939881,-2.40411551078351,-2.24228053351237,-2.3363964136766,-2.38758658516367,-2.39131796791174,-21.9636514679964,-2.17871061091936,-0.901746600189954,-2.39131796791174,-2.44704121946067,-0.471694376537328,-2.40411551078351,-2.14799211776787,-0.848732638772932,-0.00397446032426485,-1.04368644787131,-2.44250813939881,-3.45646484225844,-1.73391979167835,-1.56791244615046,-9.02413403187786,-17.3374690877278,-16.3722826631392,-2.22282192245825,-1.65878968942425,-2.35292533929643,-2.44250813939881,-2.36936799712613,-2.22300144479064
"Scamuso I",0.85870243491762,0.828574269112231,0.875231360537455,-29.9317784896953,0.881090731406016,0.688219089288608,0.487607577854208,0.603693962741004,0.866165200413752,0.742722851757917,0.870698280475603,0.819508108988529,0.871499977789388,0.942148760330578,-2.3140081171882,1,0.856124807395994,-0.965348370418264,0.871499977789388,-0.302226812872814,0.647812261032014,-12.1985830652652,0.627962757677831,0.85870243491762,0.623363943762803,0.640780834486558,0.871499977789388,0.871499977789388,0.89629336621914,0.871499977789388,0.866966897727537,0.854169354855769,0.878962743285521,0.933082600206876,0.785648560435074,0.888028903409223,-0.58992481650857,0.89629336621914,0.388899870527062,-12.102562299936,0.642470496904264,-15.1503065263522,0.637028917801533,0.871499977789388,0.871499977789388,0.85870243491762,0.713396383266314,0.82404118905038,0.875231360537455,0.845904892045851,-25.2776595851846,0.666355386293137,-3.63724232068394,0.845904892045851,0.866966897727537,-1.6869515701876,0.85870243491762,0.701752595620985,-2.93886486297892,-3.05315206903789,-1.3296437032152,0.871499977789388,-5.32917186273677,0.238093492671964,-0.709574996732697,-12.2322099456762,-20.651477204916,-18.054997209032,0.809640251551041,0.278665869756713,0.807512263430545,0.871499977789388,0.840483846880079,0.776761922643756
"Grotta San Michele Arcangelo I",0.896645424131795,0.866517258326407,0.91317434975163,-29.9697214789095,0.73721553880201,0.726162078502784,0.525550567068383,0.459818770136998,0.887579264008093,0.598847659153911,0.908641269689779,0.857451098202704,0.909442967003564,0.913976047065415,-2.35195110640238,0.856124807395994,1,-1.00329135963244,0.909442967003564,-0.34016980208699,0.791687453636021,-12.2365260544794,0.665905746892007,0.896645424131795,0.585420954548628,0.549871743577467,0.909442967003564,0.909442967003564,0.934236355433316,0.909442967003564,0.904909886941713,0.892112344069944,0.900376806879862,0.871852035702043,0.82359154964925,0.925971892623399,-0.627867805722745,0.934236355433316,0.450130435031895,-12.24643749254,0.548182081159762,-15.1882495155664,0.674971907015709,0.909442967003564,0.909442967003564,0.896645424131795,0.751339372480489,0.861984178264556,0.91317434975163,0.883847881260027,-25.3156025743987,0.704298375507312,-3.67518530989812,0.883847881260027,0.904909886941713,-1.72489455940178,0.896645424131795,0.796041011365487,-2.9768078521931,-3.09109505825207,-1.36758669242937,0.909442967003564,-5.36711485195095,0.38196868527597,-0.853450189336703,-12.2701529348904,-20.6894201941302,-18.0929401982462,0.764938612666043,0.306838583021877,0.845455252644721,0.909442967003564,0.93139293778917,0.871050338388258
"Grotta San Michele Arcangelo II",-1.05545576401357,-1.00879867258835,-1.09011700988081,-27.9664301192771,-0.84643910182428,-0.884972418384558,-0.667831981330323,-0.569042333159268,-0.996802827030363,-0.708071222176181,-1.01786483271205,-0.966674661224974,-1.09384839262888,-1.02319961008769,-1.96115014861278,-0.965348370418264,-1.00329135963244,1,-1.09384839262888,-0.108244521985462,-1.00684322004812,-10.233234694847,-0.791658235534111,-1.05545576401357,-0.588712314181067,-0.606129204904822,-1.06825330688534,-1.09384839262888,-1.06905500419912,-1.09384839262888,-1.09838147269073,-1.03439375833188,-1.00960036990213,-1.03226577021139,-0.949344038291354,-1.0517243812655,0.412712039310644,-1.04345991845559,-0.771218404833826,-10.2431461329076,-0.657405644182032,-13.1849581559339,-0.833782246897483,-1.09384839262888,-1.09384839262888,-1.05545576401357,-0.893620786742429,-0.98773666690666,-1.03892683839373,-1.0426582211418,-23.3123112147663,-0.830050864149417,-1.67189395026568,-1.0426582211418,-1.09838147269073,-0.489455772075456,-1.05545576401357,-0.799332370997927,-0.97351649256066,-1.1389938701067,-2.29036568415222,-1.09384839262888,-5.47908167647264,-1.12678546863722,-0.432243961920861,-10.983523976077,-18.6861288344977,-18.0092802693791,-0.874162175688313,-0.310129942654316,-1.0042655925265,-1.09384839262888,-1.02070825035619,-0.980273901410528
"Palata 1",0.961607371384694,0.914950279959471,0.970673531508397,-30.0602785119059,0.752590709195405,0.791124025755682,0.573983588701447,0.475193940530393,0.902954434401487,0.614222829547305,0.924016440083173,0.872826268596099,1,0.92935121745881,-2.44250813939881,0.871499977789388,0.909442967003564,-1.09384839262888,1,-0.430726835083426,0.701130420639585,-12.3270830874758,0.697809842905236,0.961607371384694,0.494863921552191,0.512280812275947,0.974404914256463,1,0.975206611570248,1,0.978937994318314,0.940545365703008,0.915751977273256,0.912822291838975,0.855495645662479,0.957875988636628,-0.718424838719181,0.949611525826711,0.359573402035459,-12.2310623221466,0.563557251553156,-15.2788065485628,0.739933854268608,1,1,0.961607371384694,0.799772394113553,0.893888274277785,0.945078445764859,0.948809828512926,-25.4061596073952,0.736202471520542,-3.76574234289455,0.948809828512926,0.978937994318314,-1.81545159239821,0.961607371384694,0.705483978369051,-3.06736488518954,-3.1816520912485,-1.45814372542581,1,-5.45767188494738,0.291411652279534,-0.838075018943308,-12.3607099678868,-20.7799772271266,-18.1834972312426,0.780313783059438,0.216281550025441,0.91041719989762,1,0.926859857727319,0.780493305391822
"Danilo-Bitinj",-0.39233420646812,-0.345677115042897,-0.42699545233536,-28.6295516768225,-0.183317544278831,-0.221850860839109,-0.00471042378487341,0.094079224386181,-0.333681269484914,-0.160652143969575,-0.3547432751666,-0.303553103679525,-0.430726835083426,-0.360078052542236,-1.21654199026369,-0.302226812872814,-0.34016980208699,-0.108244521985462,-0.430726835083426,1,-0.290755560807757,-10.8963562523924,-0.128536677988662,-0.39233420646812,0.0744092433643823,0.0569923526406272,-0.405131749339889,-0.430726835083426,-0.405933446653674,-0.430726835083426,-0.435259915145277,-0.371272200786434,-0.346478812356682,-0.369144212665939,-0.286222480745905,-0.388602823720054,-0.072011729125951,-0.380338360910137,-0.0551307455934615,-10.9592337921479,0.00571591336341748,-13.8480797134794,-0.170660689352034,-0.430726835083426,-0.430726835083426,-0.39233420646812,-0.23049922919698,-0.324615109361211,-0.375805280848286,-0.379536663596352,-23.9754327723118,-0.166929306603968,-2.33501550781113,-0.379536663596352,-0.435259915145277,-0.776881620059887,-0.39233420646812,-0.136210813452478,-1.63663805010611,-1.75092525616508,-1.93791438854822,-0.430726835083426,-5.20341563809925,-0.410697809396859,0.408158425311835,-10.9299831328034,-19.3492503920432,-17.26467211103,-0.211040618142864,0.352991614891133,-0.341144034981046,-0.430726835083426,-0.357586692810745,-0.264186242170164
"Pokrovnik",0.73952304925489,0.786180140680114,0.704861803387651,-29.7614089325455,0.733663678386329,0.517849532138804,0.342833106447941,0.456266909721317,0.781647060618262,0.595295798738229,0.777113980556411,0.828304152043486,0.701130420639585,0.705663500701436,-2.1436385600384,0.647812261032014,0.791687453636021,-1.00684322004812,0.701130420639585,-0.290755560807757,1,-12.0282135081154,0.611163714989251,0.73952304925489,0.581869094132946,0.546319883161786,0.726725506383122,0.701130420639585,0.725923809069337,0.701130420639585,0.696597340577733,0.760585054936576,0.768849517746494,0.663539489338064,0.820039689233568,0.743254432002956,-0.419555259358766,0.751518894812874,0.658442981395875,-12.2499893529557,0.54463022074408,-14.9799369692024,0.569039703625879,0.701130420639585,0.701130420639585,0.73952304925489,0.747787512064808,0.8072421463618,0.756051974874725,0.752320592126659,-25.1072900280348,0.572771086373945,-3.46687276353414,0.752320592126659,0.696597340577733,-1.5165820130378,0.73952304925489,0.792489150949806,-2.76849530582912,-2.88278251188809,-1.28724957478308,0.701130420639585,-5.15880230558697,0.4879008886658,-0.857002049752384,-12.0618403885264,-20.4811076477662,-17.8846276518822,0.761386752250362,0.303286722606195,0.790713220741965,0.701130420639585,0.774270562912265,0.871050338388258
"Umbro Bova Marina",-12.2886904588605,-12.2420333674353,-12.3233517047278,-25.5246392746975,-12.0796737966712,-12.1182071132315,-11.9010666761773,-11.8022770280062,-12.2300375218773,-11.9413059170231,-12.251099527559,-12.1999093560719,-12.3270830874758,-12.2564343049346,-8.88457494807701,-12.1985830652652,-12.2365260544794,-10.233234694847,-12.3270830874758,-10.8963562523924,-12.0282135081154,1,-12.0248929303811,-12.2886904588605,-11.821947009028,-11.8393638997518,-12.3014880017323,-12.3270830874758,-12.3022896990461,-12.3270830874758,-12.3316161675377,-12.2676284531788,-12.2428350647491,-12.2655004650583,-12.1825787331383,-12.2849590761125,-10.6086582487566,-12.2766946133025,-11.6866564895113,-11.2793819521382,-11.890640339029,-11.3285427278047,-12.0670169417444,-12.3270830874758,-12.3270830874758,-12.2886904588605,-12.1268554815894,-12.2209713617536,-12.2721615332407,-12.2758929159888,-19.106006061872,-12.0632855589964,-8.04764737370848,-12.2758929159888,-12.3316161675377,-9.51163149507761,-12.2886904588605,-12.0325670658449,-8.25971820228629,-8.14543099622733,-9.86893936205002,-12.3270830874758,-8.86114673971853,-11.6184947397554,-10.4890080685325,-6.75571034208129,-7.45289413965078,-19.7055693273076,-12.1073968705353,-11.5433646375013,-12.2375002873734,-12.3270830874758,-12.2539429452031,-12.1075763928676
"Grotta Scaloria",0.736202471520542,0.782859562945765,0.701541225653302,-29.7580883548112,0.662624003545071,0.906685817149554,0.73166939145869,0.777384097625157,0.761797557264079,0.524256123896972,0.757264477202228,0.782859562945765,0.697809842905236,0.685813997347252,-2.14031798230405,0.627962757677831,0.665905746892007,-0.791658235534111,0.697809842905236,-0.128536677988662,0.611163714989251,-12.0248929303811,1,0.736202471520542,0.404897215901858,0.422314106625613,0.723404928648773,0.697809842905236,0.706074305715153,0.697809842905236,0.693276762843385,0.757264477202228,0.74900001439231,0.64368998598388,0.765528940012145,0.739933854268608,-0.416234681624417,0.73166939145869,0.661763559130223,-11.9288721650518,0.473590545902822,-14.9766163914681,0.957875988636628,0.697809842905236,0.697809842905236,0.736202471520542,0.693276762843385,0.803921568627451,0.752731397140377,0.74900001439231,-25.1039694503004,0.961607371384694,-3.46355218579979,0.74900001439231,0.693276762843385,-1.51326143530345,0.736202471520542,0.615517272718717,-2.76517472809477,-2.87946193415374,-1.23273882556166,0.697809842905236,-5.54763859059772,0.542411637887223,-0.535884861848544,-12.0585198107921,-20.4777870700318,-17.8813070741479,0.690347077409104,0.518471707120205,0.787392643007616,0.697809842905236,0.717983883483001,0.639336428254414
"Masseria Santa Tecchia",1,0.953342908574777,0.932280902893091,-30.0218858832906,0.790983337810711,0.778326482883914,0.586781131573216,0.513586569145699,0.941347063016793,0.652615458162611,0.962409068698479,0.911218897211405,0.961607371384694,0.916553674587041,-2.40411551078351,0.85870243491762,0.896645424131795,-1.05545576401357,0.961607371384694,-0.39233420646812,0.73952304925489,-12.2886904588605,0.736202471520542,1,0.533256550167497,0.550673440891253,0.987202457128231,0.961607371384694,0.936813982954942,0.961607371384694,0.940545365703008,0.978937994318314,0.954144605888562,0.874429663223669,0.893888274277785,0.970673531508397,-0.680032210103875,0.962409068698479,0.397966030650765,-12.1926696935313,0.601949880168462,-15.2404139199475,0.778326482883914,0.961607371384694,0.961607371384694,1,0.838165022728859,0.932280902893091,0.983471074380165,0.987202457128231,-25.3677669787799,0.774595100135848,-3.72734971427925,0.987202457128231,0.940545365703008,-1.77705896378291,1,0.743876606984357,-3.02897225657423,-3.1432594626332,-1.4197510968105,0.961607371384694,-5.41927925633208,0.32980428089484,-0.799682390328002,-12.3223173392715,-20.7415845985113,-18.1451046026273,0.818706411674744,0.254674178640747,0.948809828512926,0.961607371384694,0.965252486342625,0.818885934007128
"Masseria Candelaro II",0.533256550167497,0.579913641592721,0.498595304300258,-29.5551424334581,0.742273212356787,0.311583033051411,0.136566607360548,0.627513118276701,0.591909487150704,0.731880761426374,0.570847481469018,0.622037652956093,0.494863921552191,0.565512704093382,-1.93737206095101,0.623363943762803,0.585420954548628,-0.588712314181067,0.494863921552191,0.0744092433643823,0.581869094132946,-11.821947009028,0.404897215901858,0.533256550167497,1,0.93139293778917,0.520459007295729,0.494863921552191,0.519657309981944,0.494863921552191,0.49033084149034,0.554318555849183,0.579111944278935,0.556446543969679,0.639368275889712,0.536987932915563,-0.213288760271372,0.545252395725481,0.425337046602143,-11.8318584470886,0.880116498511961,-14.773670470115,0.362773204538486,0.494863921552191,0.494863921552191,0.533256550167497,0.695091527438638,0.600975647274407,0.549785475787332,0.546054093039266,-24.9010235289474,0.366504587286552,-3.26060626444674,0.546054093039266,0.49033084149034,-1.31031551395041,0.533256550167497,0.78937994318314,-2.56222880674173,-2.67651601280069,-1.49050444759228,0.494863921552191,-4.95253580649957,0.0697699827987462,-0.43887114388533,-11.855573889439,-20.2748411486788,-17.6783611527948,0.714550138492754,0.494268646036555,0.584446721654572,0.494863921552191,0.568004063824872,0.608438412770539
"Masseria Candelaro III",0.550673440891253,0.597330532316476,0.516012195024013,-29.5725593241819,0.726632251840873,0.328999923775166,0.153983498084303,0.628401083380621,0.609326377874459,0.716239800910459,0.588264372192773,0.639454543679848,0.512280812275947,0.582929594817137,-1.95478895167476,0.640780834486558,0.549871743577467,-0.606129204904822,0.512280812275947,0.0569923526406272,0.546319883161786,-11.8393638997518,0.422314106625613,0.550673440891253,0.93139293778917,1,0.537875898019484,0.512280812275947,0.537074200705699,0.512280812275947,0.507747732214095,0.571735446572939,0.59652883500269,0.573863434693434,0.656785166613468,0.554404823639319,-0.230705650995128,0.562669286449236,0.389787835630983,-11.7963092361175,0.94872356072279,-14.7910873608388,0.380190095262241,0.512280812275947,0.512280812275947,0.550673440891253,0.712508418162393,0.618392537998162,0.567202366511087,0.563470983763021,-24.9184404196711,0.383921478010307,-3.2780231551705,0.563470983763021,0.507747732214095,-1.32773240467416,0.550673440891253,0.75383073221198,-2.57964569746548,-2.69393290352445,-1.55911150980311,0.512280812275947,-4.96995269722333,0.034220771827586,-0.40332193291417,-11.8729907801628,-20.2922580394026,-17.6957780435186,0.731967029216509,0.458719435065395,0.601863612378327,0.512280812275947,0.585420954548628,0.572889201799379
"Krivače",0.987202457128231,0.940545365703008,0.945078445764859,-30.0346834261624,0.778185794938942,0.791124025755682,0.599578674444985,0.50078902627393,0.928549520145025,0.639817915290843,0.949611525826711,0.898421354339636,0.974404914256463,0.92935121745881,-2.41691305365528,0.871499977789388,0.909442967003564,-1.06825330688534,0.974404914256463,-0.405131749339889,0.726725506383122,-12.3014880017323,0.723404928648773,0.987202457128231,0.520459007295729,0.537875898019484,1,0.974404914256463,0.949611525826711,0.974404914256463,0.953342908574777,0.966140451446545,0.941347063016793,0.887227206095438,0.881090731406016,0.983471074380165,-0.692829752975644,0.975206611570248,0.385168487778996,-12.2054672364031,0.589152337296694,-15.2532114628193,0.765528940012145,0.974404914256463,0.974404914256463,0.987202457128231,0.825367479857091,0.919483360021322,0.970673531508397,0.974404914256463,-25.3805645216516,0.761797557264079,-3.74014725715102,0.974404914256463,0.953342908574777,-1.78985650665468,0.987202457128231,0.731079064112589,-3.041769799446,-3.15605700550497,-1.43254863968227,0.974404914256463,-5.43207679920385,0.317006738023071,-0.812479933199771,-12.3351148821433,-20.7543821413831,-18.1579021454991,0.805908868802975,0.241876635768978,0.936012285641157,0.974404914256463,0.952454943470856,0.80608839113536
"Coppa Nevigata",0.961607371384694,0.914950279959471,0.970673531508397,-30.0602785119059,0.752590709195405,0.791124025755682,0.573983588701447,0.475193940530393,0.902954434401487,0.614222829547305,0.924016440083173,0.872826268596099,1,0.92935121745881,-2.44250813939881,0.871499977789388,0.909442967003564,-1.09384839262888,1,-0.430726835083426,0.701130420639585,-12.3270830874758,0.697809842905236,0.961607371384694,0.494863921552191,0.512280812275947,0.974404914256463,1,0.975206611570248,1,0.978937994318314,0.940545365703008,0.915751977273256,0.912822291838975,0.855495645662479,0.957875988636628,-0.718424838719181,0.949611525826711,0.359573402035459,-12.2310623221466,0.563557251553156,-15.2788065485628,0.739933854268608,1,1,0.961607371384694,0.799772394113553,0.893888274277785,0.945078445764859,0.948809828512926,-25.4061596073952,0.736202471520542,-3.76574234289455,0.948809828512926,0.978937994318314,-1.81545159239821,0.961607371384694,0.705483978369051,-3.06736488518954,-3.1816520912485,-1.45814372542581,1,-5.45767188494738,0.291411652279534,-0.838075018943308,-12.3607099678868,-20.7799772271266,-18.1834972312426,0.780313783059438,0.216281550025441,0.91041719989762,1,0.926859857727319,0.780493305391822
"Ex Palestra GIL",0.936813982954942,0.906685817149554,0.978937994318314,-30.0354851234762,0.777384097625157,0.76633063732593,0.56571912589153,0.499987328960145,0.92774782283124,0.639016217977058,0.948809828512926,0.897619657025851,0.975206611570248,0.954144605888562,-2.41771475096906,0.89629336621914,0.934236355433316,-1.06905500419912,0.975206611570248,-0.405933446653674,0.725923809069337,-12.3022896990461,0.706074305715153,0.936813982954942,0.519657309981944,0.537074200705699,0.949611525826711,0.975206611570248,1,0.975206611570248,0.970673531508397,0.932280902893091,0.940545365703008,0.937615680268727,0.863760108472396,0.966140451446545,-0.693631450289429,0.974404914256463,0.384366790465211,-12.2062689337169,0.588350639982908,-15.2540131601331,0.715140465838856,0.975206611570248,0.975206611570248,0.936813982954942,0.791507931303636,0.902152737087702,0.953342908574777,0.924016440083173,-25.3813662189654,0.744466934330459,-3.7409489544648,0.924016440083173,0.970673531508397,-1.79065820396846,0.936813982954942,0.730277366798803,-3.04257149675978,-3.15685870281875,-1.43335033699606,0.975206611570248,-5.43287849651763,0.316205040709286,-0.813281630513556,-12.3359165794571,-20.7551838386969,-18.1587038428129,0.80510717148919,0.241074938455193,0.885623811467868,0.975206611570248,0.918595394917402,0.805286693821574
